200
41111
5488
41928
592099
854915
150825
491891
850315
5495
323320
923463
172294
101929
739913
349462
725251
938828
983932
248383
340047
278224
910899
90159
695062
597289
862455
142416
508599
986201
382758
12042
886564
645228
310083
31122
898698
617983
885052
137021
125838
359875
2917
236222
11091
34803
802820
268777
235547
769232
102724
630366
814473
772543
710911
910415
393096
433460
964184
189193
778330
524507
69666
818077
502888
315023
82867
797521
530347
388996
76303
898712
487358
630588
76752
517490
601115
622699
658513
373794
293486
36842
245272
332681
91700
135749
824994
279952
412225
253360
22651
595700
136135
11049
902159
394036
837925
284294
583826
389991
678669
251713
-35858
-682653
-814403
-836209
-999868
-851431
-750974
-643037
-875455
-654654
-976225
-491810
-153938
-784696
-437900
-786265
-572892
-418500
-860998
-937496
-87010
-533557
-778977
-685017
-648390
-544182
-677837
-36867
-468951
-774181
-554925
-836964
-92519
-293873
-519889
-759341
-351774
-493405
-356053
-759498
-580389
-888791
-304929
-618187
-781349
-28667
-944044
-930047
-62739
-890831
-103427
-685469
-564570
-154828
-970263
-591260
-907509
-661526
-972667
-705083
-925265
-671067
-804746
-94458
-205011
-18433
-707011
-331401
-477397
-304318
-691410
-904700
-639372
-156542
-15660
-216897
-267514
-489232
-880647
-861810
-564334
-588165
-761609
-765285
-118528
-470553
-500819
-350014
-121822
-951741
-525587
-10127
-135608
-828495
-168874
-680285
-165418
-419092
-935734